[gd_scene load_steps=22 format=2]

[ext_resource path="res://script/heat_area.gd" type="Script" id=1]
[ext_resource path="res://script/damage_area.gd" type="Script" id=2]
[ext_resource path="res://scene/player.tscn" type="PackedScene" id=3]
[ext_resource path="res://script/look_at.gd" type="Script" id=4]
[ext_resource path="res://script/player_setup.gd" type="Script" id=5]
[ext_resource path="res://scene/spawner.tscn" type="PackedScene" id=6]
[ext_resource path="res://script/catch_area.gd" type="Script" id=7]
[ext_resource path="res://script/hud.gd" type="Script" id=8]
[ext_resource path="res://script/player_camera.gd" type="Script" id=9]
[ext_resource path="res://script/lazy_camera.gd" type="Script" id=10]
[ext_resource path="res://fonts/text-medium-dynamicfont.tres" type="DynamicFont" id=11]
[ext_resource path="res://fonts/logo-dynamicfont.tres" type="DynamicFont" id=12]
[ext_resource path="res://script/player_light.gd" type="Script" id=13]
[ext_resource path="res://sound/start.wav" type="AudioStream" id=14]
[ext_resource path="res://sound/plasma_collect.wav" type="AudioStream" id=15]
[ext_resource path="res://sound/plasma_hit.wav" type="AudioStream" id=16]
[ext_resource path="res://sound/die.wav" type="AudioStream" id=17]

[sub_resource type="Curve3D" id=1]
_data = {
"points": PoolVector3Array( 0, 0, 0, 0, 0, 0, 0, 0, 0, 0, 0, 0, 0, 0, 0, 3.7248, -1.06485, -5.48363e-06, 0, 0, 0, 0, 0, 0, 7.00305, -4.0025, -5.48363e-06, 0, 0, 0, 0, 0, 0, 9.35696, -7.89265, -5.48363e-06, 0, 0, 0, 0, 0, 0, 10.6342, -12.3204, -5.48363e-06, 0, 0, 0, 0, 0, 0, 10.6342, -16.5353, -5.48363e-06, 0, 0, 0, 0, 0, 0, 9.39953, -20.5799, -5.48363e-06, 0, 0, 0, 0, 0, 0, 7.31337, -24.4116, -5.48363e-06, 0, 0, 0, 0, 0, 0, 4.37572, -27.3919, -5.48363e-06, 0, 0, 0, 0, 0, 0, -0.702976, -28.483, -5.48363e-06 ),
"tilts": PoolRealArray( 0, 0, 0, 0, 0, 0, 0, 0, 0, 0 )
}

[sub_resource type="BoxShape" id=14]
extents = Vector3( 2, 2, 2 )

[sub_resource type="BoxShape" id=12]
extents = Vector3( 16, 16, 12 )

[sub_resource type="BoxShape" id=13]
extents = Vector3( 16, 16, 2 )

[node name="PlayerSetup" type="Position3D"]
script = ExtResource( 5 )

[node name="Path" type="Path" parent="."]
transform = Transform( 1, 0, 0, 0, 1, 0, 0, 0, 1, 39.3, 14.3099, -0.783655 )
curve = SubResource( 1 )
__meta__ = {
"_edit_lock_": true
}

[node name="PathFollow" type="PathFollow" parent="Path"]
transform = Transform( -3.46496e-06, 0.866968, 0.498356, 6.73283e-08, 0.498362, -0.866959, -0.999998, -2.97046e-06, -1.78516e-06, 10.6342, -14.8664, -5.48363e-06 )
offset = 19.9691
rotation_mode = 0

[node name="PlayerPos" type="Position3D" parent="Path/PathFollow"]
transform = Transform( -0.0165568, 0.0071038, 0.99984, -0.52792, -0.849291, -0.00270792, 0.849143, -0.527885, 0.017812, 0, 0, 0 )
script = ExtResource( 4 )
target = "../PlayerLookAt"
up = "../../../Up"

[node name="Player" parent="Path/PathFollow/PlayerPos" instance=ExtResource( 3 )]

[node name="OmniLight2" type="OmniLight" parent="Path/PathFollow/PlayerPos"]
transform = Transform( -0.0345139, -0.999267, 0.0165569, -0.999383, 0.0344002, -0.00710032, 0.00652556, -0.0167917, -0.999838, -0.74311, 6.08434, -0.0703206 )
light_energy = 0.5
light_specular = 7.459
light_bake_mode = 0
omni_range = 11.0
script = ExtResource( 13 )

[node name="CatchArea" type="Area" parent="Path/PathFollow/PlayerPos"]
transform = Transform( -0.034389, -0.999272, 0.0165623, -0.999409, 0.0343936, 1.86265e-09, -0.000569639, -0.0165526, -0.999863, 0.0513933, 0.910896, -1.20985 )
script = ExtResource( 7 )

[node name="CollisionShape" type="CollisionShape" parent="Path/PathFollow/PlayerPos/CatchArea"]
transform = Transform( 1, 2.27374e-13, 0, 2.27374e-13, 1, -1.45519e-11, -4.65661e-10, 1.45519e-11, 1, 0, 0, 0 )
shape = SubResource( 14 )

[node name="SfxCollect" type="AudioStreamPlayer3D" parent="Path/PathFollow/PlayerPos/CatchArea"]
stream = ExtResource( 15 )
unit_db = 20.0
bus = "game"

[node name="PlayerLookAt" type="Position3D" parent="Path/PathFollow"]
transform = Transform( 1.00001, -1.13687e-12, -1.47793e-12, -3.18323e-12, 1, 2.68226e-07, -9.09495e-13, -3.2782e-07, 1, -21.3927, 0.0579395, -0.381107 )

[node name="CameraPos" type="Position3D" parent="Path/PathFollow"]
transform = Transform( -0.00286885, 0.157919, 0.98745, -0.527989, -0.838834, 0.132617, 0.849256, -0.520988, 0.0857867, 0, 0, 0 )
script = ExtResource( 4 )
target = "../../../Target"
up = "../../../Up"

[node name="Camera" type="Camera" parent="Path/PathFollow/CameraPos"]
transform = Transform( 1, -9.31323e-09, 0, 2.51457e-08, 1, 4.47035e-08, 2.23517e-08, 0, 1, -0.503376, 5.42902, 6.34097 )
current = true
fov = 90.9
script = ExtResource( 9 )

[node name="SfxStart" type="AudioStreamPlayer3D" parent="Path/PathFollow/CameraPos/Camera"]
transform = Transform( -0.0345181, -0.9994, 0.00286887, -0.98688, 0.0336324, -0.157915, 0.157724, -0.00828216, -0.987449, 0, 0, 0 )
stream = ExtResource( 14 )
unit_db = 4.0
autoplay = true
bus = "game"

[node name="SfxDie" type="AudioStreamPlayer3D" parent="Path/PathFollow/CameraPos/Camera"]
transform = Transform( -0.0345181, -0.9994, 0.00286887, -0.98688, 0.0336324, -0.157915, 0.157724, -0.00828216, -0.987449, 0, 0, 0 )
stream = ExtResource( 17 )
unit_db = 1.0
bus = "game"

[node name="PathFollowCamera" type="PathFollow" parent="Path"]
transform = Transform( 0.305539, 0.95218, 2.70269e-07, -0.95218, 0.305539, 1.04979e-06, 9.17009e-07, -5.78095e-07, 1, 10.6342, -14.7001, -5.48363e-06 )
offset = 19.8028
script = ExtResource( 10 )

[node name="Target" type="Position3D" parent="."]
transform = Transform( 1, 0, 0, 0, 1, 0, 0, 0, 1, 39.3371, 0, 65.5608 )

[node name="Up" type="Position3D" parent="."]
transform = Transform( 1, 0, 0, 0, 1, 0, 0, 0, 1, 33.823, 0, -0.784 )

[node name="HeatArea" type="Area" parent="."]
transform = Transform( 1, 0, 0, 0, 1, 0, 0, 0, 1, 39.8968, 0, 8.41967 )
monitorable = false
script = ExtResource( 1 )

[node name="CollisionShape" type="CollisionShape" parent="HeatArea"]
transform = Transform( 0.913062, 0, -0.407821, 0, 1, 0, 0.407821, 0, 0.913062, -1.57013, 0, 7.76634 )
shape = SubResource( 12 )

[node name="DamageArea" type="Area" parent="."]
transform = Transform( 1, 0, 0, 0, 1, 0, 0, 0, 1, 39.8968, 0, -4.47482 )
script = ExtResource( 2 )

[node name="CollisionShape" type="CollisionShape" parent="DamageArea"]
shape = SubResource( 13 )

[node name="SfxHit" type="AudioStreamPlayer" parent="DamageArea"]
stream = ExtResource( 16 )
volume_db = -6.76
bus = "game"

[node name="Spawner" parent="." instance=ExtResource( 6 )]
transform = Transform( 0.126389, 0, -0.991981, 0, 1, 0, 0.991981, 0, 0.126389, 0, 0, 0 )
rotator = NodePath("../Rotator")

[node name="Hud" type="CanvasLayer" parent="."]
layer = 2
follow_viewport_enable = true
script = ExtResource( 8 )

[node name="Label" type="Label" parent="Hud"]
modulate = Color( 0.0980392, 0.792157, 0.952941, 1 )
anchor_left = 0.05
anchor_top = 0.025
anchor_right = 0.3
anchor_bottom = 0.025
custom_colors/font_color_shadow = Color( 0, 0, 0, 1 )
custom_constants/shadow_offset_y = 2
custom_fonts/font = ExtResource( 11 )
text = "Energy output
"
align = 1
__meta__ = {
"_edit_use_anchors_": false
}

[node name="Energy" type="Label" parent="Hud"]
modulate = Color( 0.0980392, 0.792157, 0.952941, 1 )
anchor_left = 0.05
anchor_top = 0.025
anchor_right = 0.3
anchor_bottom = 0.025
margin_top = 30.0
custom_colors/font_color_shadow = Color( 0, 0, 0, 1 )
custom_constants/shadow_offset_y = 2
custom_fonts/font = ExtResource( 11 )
text = "0
"
align = 1
__meta__ = {
"_edit_use_anchors_": false
}

[node name="Label2" type="Label" parent="Hud"]
modulate = Color( 0.972549, 0.698039, 0.309804, 1 )
anchor_left = 0.7
anchor_top = 0.025
anchor_right = 0.95
anchor_bottom = 0.025
custom_colors/font_color_shadow = Color( 0, 0, 0, 1 )
custom_constants/shadow_offset_y = 2
custom_fonts/font = ExtResource( 11 )
text = "Heat
"
align = 1
__meta__ = {
"_edit_use_anchors_": false
}

[node name="Heat" type="Label" parent="Hud"]
modulate = Color( 0.972549, 0.698039, 0.309804, 1 )
anchor_left = 0.7
anchor_top = 0.025
anchor_right = 0.95
anchor_bottom = 0.025
margin_top = 30.0
custom_colors/font_color_shadow = Color( 0, 0, 0, 1 )
custom_constants/shadow_offset_y = 2
custom_fonts/font = ExtResource( 11 )
text = "0
"
align = 1
__meta__ = {
"_edit_use_anchors_": false
}

[node name="Label5" type="Label" parent="Hud"]
anchor_left = 0.3
anchor_top = 0.025
anchor_right = 0.7
anchor_bottom = 0.1
margin_left = -0.200012
margin_right = -0.400024
margin_bottom = 10.0
custom_colors/font_color_shadow = Color( 0, 0, 0, 1 )
custom_constants/shadow_offset_y = 2
custom_fonts/font = ExtResource( 11 )
text = "Score
"
align = 1
__meta__ = {
"_edit_use_anchors_": false
}

[node name="Score" type="Label" parent="Hud"]
anchor_left = 0.3
anchor_top = 0.025
anchor_right = 0.7
anchor_bottom = 0.025
margin_top = 30.0
custom_colors/font_color_shadow = Color( 0, 0, 0, 1 )
custom_constants/shadow_offset_y = 2
custom_fonts/font = ExtResource( 11 )
text = "0
"
align = 1
__meta__ = {
"_edit_use_anchors_": false
}

[node name="GameOver" type="Control" parent="Hud"]
visible = false
anchor_right = 1.0
anchor_bottom = 1.0
__meta__ = {
"_edit_use_anchors_": false
}

[node name="Label" type="Label" parent="Hud/GameOver"]
modulate = Color( 1, 0.0196078, 0.0196078, 1 )
anchor_top = 0.2
anchor_right = 1.0
anchor_bottom = 0.6
custom_fonts/font = ExtResource( 12 )
text = "REACTOR
MELTDOWN"
align = 1
valign = 1
__meta__ = {
"_edit_use_anchors_": false
}

[node name="Label2" type="Label" parent="Hud/GameOver"]
anchor_top = 0.2
anchor_right = 1.0
anchor_bottom = 0.6
margin_top = 300.0
custom_fonts/font = ExtResource( 11 )
text = "Press ESC to continue"
align = 1
valign = 1
__meta__ = {
"_edit_use_anchors_": false
}
