[gd_scene load_steps=11 format=2]

[ext_resource path="res://particles/plasma_ring_particles.tres" type="Material" id=1]
[ext_resource path="res://gltf/reactor.obj" type="ArrayMesh" id=2]
[ext_resource path="res://script/rotator.gd" type="Script" id=3]
[ext_resource path="res://material/plasma_ring.tres" type="Material" id=4]
[ext_resource path="res://script/plasma.gd" type="Script" id=6]
[ext_resource path="res://scene/pillar_column.tscn" type="PackedScene" id=7]

[sub_resource type="Environment" id=3]
background_mode = 1
background_color = Color( 0.121569, 0.121569, 0.215686, 1 )
fog_enabled = true
fog_color = Color( 0.0980392, 0.239216, 1, 1 )
fog_depth_begin = 0.0
fog_depth_curve = 2.54912
ss_reflections_enabled = true
ssao_enabled = true
glow_enabled = true
glow_intensity = 0.71
glow_strength = 1.09
glow_bloom = 0.38
glow_hdr_threshold = 1.71
glow_hdr_scale = 1.83
glow_bicubic_upscale = true
glow_high_quality = true

[sub_resource type="SpatialMaterial" id=5]
albedo_color = Color( 0.129412, 0.196078, 0.329412, 1 )

[sub_resource type="SpatialMaterial" id=6]
albedo_color = Color( 0.196078, 0.270588, 0.411765, 1 )
metallic = 1.0
metallic_specular = 0.48
roughness = 0.6
ao_enabled = true
ao_light_affect = 0.0
ao_on_uv2 = false
ao_texture_channel = 0

[sub_resource type="QuadMesh" id=7]
material = ExtResource( 4 )

[node name="ReactorScene" type="Spatial"]

[node name="WorldEnvironment" type="WorldEnvironment" parent="."]
environment = SubResource( 3 )

[node name="Playfield" type="Spatial" parent="."]

[node name="Rotator" type="Spatial" parent="Playfield"]
script = ExtResource( 3 )
speed = 0.1

[node name="MeshInstance" type="MeshInstance" parent="Playfield/Rotator"]
material_override = SubResource( 5 )
skeleton = NodePath("../../..")

[node name="reactor" type="MeshInstance" parent="Playfield/Rotator/MeshInstance"]
mesh = ExtResource( 2 )
material/0 = SubResource( 6 )

[node name="Particles" type="Particles" parent="Playfield/Rotator"]
pause_mode = 2
transform = Transform( 1, 0, 0, 0, 1, 0, 0, 0, 1, -0.0947495, 0, 0 )
amount = 512
lifetime = 1.85
visibility_aabb = AABB( -60, -15, -60, 120, 30, 120 )
process_material = ExtResource( 1 )
draw_pass_1 = SubResource( 7 )
script = ExtResource( 6 )

[node name="Pillars" type="Spatial" parent="Playfield/Rotator"]

[node name="PillarColumn" parent="Playfield/Rotator/Pillars" instance=ExtResource( 7 )]

[node name="PillarColumn2" parent="Playfield/Rotator/Pillars" instance=ExtResource( 7 )]
transform = Transform( 0.866025, 0, 0.5, 0, 1, 0, -0.5, 0, 0.866025, 0, 0, 0 )

[node name="PillarColumn3" parent="Playfield/Rotator/Pillars" instance=ExtResource( 7 )]
transform = Transform( 0.5, 0, 0.866025, 0, 1, 0, -0.866025, 0, 0.5, 0, 0, 0 )

[node name="PillarColumn4" parent="Playfield/Rotator/Pillars" instance=ExtResource( 7 )]
transform = Transform( -4.37114e-08, 0, 1, 0, 1, 0, -1, 0, -4.37114e-08, 0, 0, 0 )

[node name="PillarColumn5" parent="Playfield/Rotator/Pillars" instance=ExtResource( 7 )]
transform = Transform( -0.5, 0, 0.866025, 0, 1, 0, -0.866025, 0, -0.5, 0, 0, 0 )

[node name="PillarColumn6" parent="Playfield/Rotator/Pillars" instance=ExtResource( 7 )]
transform = Transform( -0.866026, 0, 0.5, 0, 1, 0, -0.5, 0, -0.866026, 0, 0, 0 )

[node name="PillarColumn7" parent="Playfield/Rotator/Pillars" instance=ExtResource( 7 )]
transform = Transform( -1, 0, -8.74228e-08, 0, 1, 0, 8.74228e-08, 0, -1, 0, 0, 0 )

[node name="PillarColumn8" parent="Playfield/Rotator/Pillars" instance=ExtResource( 7 )]
transform = Transform( -0.866025, 0, -0.5, 0, 1, 0, 0.5, 0, -0.866025, 0, 0, 0 )

[node name="PillarColumn9" parent="Playfield/Rotator/Pillars" instance=ExtResource( 7 )]
transform = Transform( -0.5, 0, -0.866025, 0, 1, 0, 0.866025, 0, -0.5, 0, 0, 0 )

[node name="PillarColumn10" parent="Playfield/Rotator/Pillars" instance=ExtResource( 7 )]
transform = Transform( 1.19249e-08, 0, -1, 0, 1, 0, 1, 0, 1.19249e-08, 0, 0, 0 )

[node name="PillarColumn11" parent="Playfield/Rotator/Pillars" instance=ExtResource( 7 )]
transform = Transform( 0.5, 0, -0.866025, 0, 1, 0, 0.866025, 0, 0.5, 0, 0, 0 )

[node name="PillarColumn12" parent="Playfield/Rotator/Pillars" instance=ExtResource( 7 )]
transform = Transform( 0.866025, 0, -0.5, 0, 1, 0, 0.5, 0, 0.866025, 0, 0, 0 )

[node name="Lights" type="Position3D" parent="Playfield"]

[node name="OmniLight" type="OmniLight" parent="Playfield/Lights"]
transform = Transform( 1, 0, 0, 0, 1, 0, 0, 0, 1, 3.06584, 1.273, 39.348 )
light_energy = 1.734
light_bake_mode = 0
omni_range = 32.785
omni_attenuation = 2.14355
